0 0.934347 0.090595
1 0.968684 0.039111
2 0.996377 0.128388
3 1.004143 0.174145
4 1.156277 0.217534
5 0.728178 0.107939
6 0.775668 0.096810
7 0.917856 0.151548
8 1.243251 0.189177
9 0.512664 0.127150
10 0.791724 0.181240
11 0.958151 0.102386
12 0.887305 0.095200
13 0.865666 0.162332
14 0.681486 0.091016
15 0.494157 0.084476
16 1.140891 0.205626
17 0.863814 0.108866
18 0.780647 0.127856
19 0.677123 0.105329
20 0.792963 0.105713
21 0.545901 0.080599
22 0.540690 0.086774
23 0.377078 0.038498
24 0.513227 0.078191
25 0.455570 0.109879
26 1.030930 0.017201
27 0.682425 0.163446
28 0.431328 0.088721
29 0.689374 0.160203
30 0.547243 0.131315
31 1.077052 0.052462
32 0.738431 0.116970
33 0.966185 0.073220
34 1.404818 0.155998
35 0.749480 0.168072
36 0.491978 0.076273
37 1.004648 0.004570
38 0.777608 0.094093
39 0.931824 0.138329
40 0.599718 0.106273
41 0.468065 0.075868
42 0.642195 0.112468
43 0.705671 0.121541
44 0.933350 0.050139
45 0.525570 0.061207
46 0.383721 0.058584
47 0.451832 0.054919
48 0.653532 0.083895
49 0.668726 0.087054
