0 1.056887 0.099575
1 1.010017 0.140198
2 0.615093 0.108530
3 0.568522 0.095068
4 0.655380 0.119830
5 0.614358 0.111182
6 0.829561 0.094668
7 0.664266 0.122664
8 0.338850 0.041463
9 0.454061 0.110153
10 0.263008 0.035957
11 0.447521 0.082766
12 0.305294 0.049750
13 0.365904 0.070380
14 0.317868 0.051258
15 0.231527 0.034764
16 0.718354 0.129174
17 0.413590 0.066017
18 0.283881 0.058038
19 0.347407 0.068442
20 0.416049 0.060347
21 0.311357 0.074066
22 0.334792 0.053343
23 0.385013 0.058480
24 0.387292 0.076966
25 0.581319 0.173943
26 0.414493 0.070420
27 0.387850 0.082388
28 0.283000 0.066254
29 0.396050 0.056024
30 0.441353 0.064940
31 0.250505 0.038254
32 0.458193 0.088204
33 0.290765 0.043098
34 0.432970 0.087720
35 0.764292 0.107298
36 0.842172 0.150701
37 0.576422 0.107439
38 0.397012 0.077829
39 0.320411 0.059851
40 0.980754 0.184189
41 0.363031 0.059430
42 0.579351 0.115225
43 0.330051 0.062307
44 0.246152 0.040482
45 0.455216 0.115668
46 0.415684 0.098570
47 0.475025 0.086351
48 0.454933 0.095926
49 0.336173 0.064773
