0 1.635525 0.143361
1 1.620548 0.235356
2 1.233644 0.131266
3 1.233644 0.131266
4 0.996970 0.138052
5 0.996970 0.138052
6 0.996970 0.138052
7 0.996970 0.138052
8 0.996970 0.138052
9 0.996970 0.138052
10 0.877325 0.057782
11 0.877325 0.057782
12 0.877325 0.057782
13 0.798565 0.091379
14 0.773299 0.097886
15 0.773299 0.097886
16 0.773299 0.097886
17 0.773299 0.097886
18 0.773299 0.097886
19 0.773299 0.097886
20 0.773299 0.097886
21 0.773299 0.097886
22 0.773299 0.097886
23 0.773299 0.097886
24 0.773299 0.097886
25 0.773299 0.097886
26 0.773299 0.097886
27 0.773299 0.097886
28 0.773299 0.097886
29 0.747087 0.095625
30 0.747087 0.095625
31 0.651180 0.139561
32 0.479456 0.052956
33 0.441956 0.035039
34 0.441956 0.035039
35 0.285989 0.018899
36 0.285989 0.018899
37 0.285989 0.018899
38 0.285989 0.018899
39 0.285989 0.018899
40 0.285989 0.018899
41 0.285989 0.018899
42 0.285989 0.018899
43 0.285989 0.018899
44 0.285989 0.018899
45 0.285989 0.018899
46 0.285989 0.018899
47 0.285989 0.018899
48 0.285989 0.018899
49 0.285989 0.018899
