0 1.235259 0.143070
1 1.019552 0.206442
2 0.795970 0.122914
3 0.711163 0.116326
4 0.479411 0.067310
5 0.478482 0.071488
6 0.478482 0.071488
7 0.396936 0.030043
8 0.396936 0.030043
9 0.396936 0.030043
10 0.396936 0.030043
11 0.396936 0.030043
12 0.396936 0.030043
13 0.396936 0.030043
14 0.396936 0.030043
15 0.396936 0.030043
16 0.396936 0.030043
17 0.396936 0.030043
18 0.396936 0.030043
19 0.396936 0.030043
20 0.396936 0.030043
21 0.396936 0.030043
22 0.396936 0.030043
23 0.396936 0.030043
24 0.396936 0.030043
25 0.396936 0.030043
26 0.396936 0.030043
27 0.396936 0.030043
28 0.396936 0.030043
29 0.396936 0.030043
30 0.396936 0.030043
31 0.396936 0.030043
32 0.396936 0.030043
33 0.396936 0.030043
34 0.396936 0.030043
35 0.396936 0.030043
36 0.396936 0.030043
37 0.396936 0.030043
38 0.396936 0.030043
39 0.396936 0.030043
40 0.396936 0.030043
41 0.396910 0.065714
42 0.396910 0.065714
43 0.396910 0.065714
44 0.396910 0.065714
45 0.396910 0.065714
46 0.396910 0.065714
47 0.396910 0.065714
48 0.396910 0.065714
49 0.396910 0.065714
50 0.396910 0.065714
51 0.396910 0.065714
52 0.396910 0.065714
53 0.396910 0.065714
54 0.396910 0.065714
55 0.396910 0.065714
56 0.396910 0.065714
57 0.396910 0.065714
58 0.396910 0.065714
59 0.396910 0.065714
60 0.396910 0.065714
61 0.396910 0.065714
62 0.396910 0.065714
63 0.396910 0.065714
64 0.396910 0.065714
65 0.396910 0.065714
66 0.396910 0.065714
67 0.396910 0.065714
68 0.396910 0.065714
69 0.396910 0.065714
70 0.396910 0.065714
71 0.396910 0.065714
72 0.396910 0.065714
73 0.396910 0.065714
74 0.396910 0.065714
75 0.396910 0.065714
76 0.396910 0.065714
77 0.396910 0.065714
78 0.396910 0.065714
79 0.396910 0.065714
80 0.361037 0.052433
81 0.361037 0.052433
82 0.361037 0.052433
83 0.361037 0.052433
84 0.361037 0.052433
85 0.361037 0.052433
86 0.361037 0.052433
87 0.361037 0.052433
88 0.361037 0.052433
89 0.308903 0.059980
90 0.233767 0.013877
91 0.233767 0.013877
92 0.233767 0.013877
93 0.233767 0.013877
94 0.233767 0.013877
95 0.233767 0.013877
96 0.233767 0.013877
97 0.233767 0.013877
98 0.233767 0.013877
99 0.233767 0.013877
100 0.233767 0.013877
101 0.233767 0.013877
102 0.233767 0.013877
103 0.233767 0.013877
104 0.233767 0.013877
105 0.233767 0.013877
106 0.233767 0.013877
107 0.233767 0.013877
108 0.233767 0.013877
109 0.233767 0.013877
110 0.233767 0.013877
111 0.233767 0.013877
112 0.233767 0.013877
113 0.233767 0.013877
114 0.233767 0.013877
115 0.233767 0.013877
116 0.233767 0.013877
117 0.233767 0.013877
118 0.233767 0.013877
119 0.233767 0.013877
120 0.233767 0.013877
121 0.233767 0.013877
122 0.233767 0.013877
123 0.233767 0.013877
124 0.233767 0.013877
125 0.233767 0.013877
126 0.233767 0.013877
127 0.233767 0.013877
128 0.233767 0.013877
129 0.233767 0.013877
130 0.233767 0.013877
131 0.233767 0.013877
132 0.233767 0.013877
133 0.233767 0.013877
134 0.233767 0.013877
135 0.233767 0.013877
136 0.233767 0.013877
137 0.233767 0.013877
138 0.233767 0.013877
139 0.233767 0.013877
140 0.233767 0.013877
141 0.233767 0.013877
142 0.233767 0.013877
143 0.233767 0.013877
144 0.233767 0.013877
145 0.233767 0.013877
146 0.212591 0.018695
147 0.212591 0.018695
148 0.212591 0.018695
149 0.212591 0.018695
150 0.212591 0.018695
151 0.212591 0.018695
152 0.212591 0.018695
153 0.212591 0.018695
154 0.212591 0.018695
155 0.212591 0.018695
156 0.212591 0.018695
157 0.212591 0.018695
158 0.212591 0.018695
159 0.212591 0.018695
160 0.212591 0.018695
161 0.212591 0.018695
162 0.212591 0.018695
163 0.212591 0.018695
164 0.212591 0.018695
165 0.212591 0.018695
166 0.212591 0.018695
167 0.212591 0.018695
168 0.212591 0.018695
