0 0.409375 0.056685
1 0.357762 0.026452
2 0.305087 0.037265
3 0.276959 0.042091
4 0.464526 0.095347
5 0.376715 0.043351
6 0.351374 0.059863
7 0.364056 0.076672
8 0.240202 0.024915
9 0.248955 0.033598
10 0.208298 0.029018
11 0.371378 0.083290
12 0.209479 0.024111
13 0.215520 0.023583
14 0.356172 0.080898
15 0.212874 0.022443
16 0.455724 0.088916
17 0.230247 0.023096
18 0.205894 0.023131
19 0.221885 0.024570
20 0.225984 0.043192
21 0.194487 0.030334
22 0.290759 0.054584
23 0.294570 0.040041
24 0.469321 0.119520
25 0.399322 0.073644
26 0.185072 0.022182
27 0.340509 0.069544
28 0.256177 0.060548
29 0.238871 0.054322
30 0.595164 0.169668
31 0.367784 0.091469
32 0.244766 0.040114
33 0.292921 0.061673
34 0.361334 0.069189
35 0.374435 0.068708
36 0.244332 0.056845
37 0.219053 0.038449
38 0.315436 0.071541
39 0.307024 0.028501
40 0.263313 0.028324
41 0.222007 0.037720
42 0.180747 0.020130
43 0.309128 0.051928
44 0.399621 0.115072
45 0.298204 0.039994
46 0.206844 0.037547
47 0.218129 0.036885
48 0.215094 0.033369
49 0.267628 0.051942
50 0.297824 0.045270
51 0.301131 0.045168
52 0.390441 0.048842
53 0.342399 0.089008
54 0.283815 0.068887
55 0.228550 0.054238
56 0.207259 0.021779
57 0.168711 0.021582
58 0.241085 0.041207
59 0.267754 0.078223
60 0.212524 0.029971
61 0.157923 0.019447
62 0.334455 0.063258
63 0.263948 0.026819
64 0.175870 0.023273
65 0.183435 0.018928
66 0.235624 0.068869
67 0.238998 0.058264
68 0.208932 0.049292
69 0.217810 0.029904
70 0.268276 0.063744
71 0.240971 0.052645
72 0.183982 0.015310
73 0.366043 0.088812
74 0.238538 0.048547
75 0.279745 0.073509
76 0.332737 0.062336
77 0.322472 0.079957
78 0.221081 0.027110
79 0.261146 0.037135
