0 1.762158 0.197705
1 1.287882 0.164418
2 0.862508 0.108180
3 1.152571 0.153035
4 1.227910 0.205463
5 1.065078 0.115054
6 1.296721 0.158105
7 1.314047 0.186669
8 1.235912 0.135377
9 1.112096 0.126362
10 1.127252 0.121636
11 1.121811 0.130845
12 1.066022 0.129422
13 1.239734 0.151470
14 1.204845 0.191981
15 1.011160 0.098914
16 0.983378 0.084174
17 1.135048 0.188627
18 1.183666 0.181600
19 1.237932 0.185266
20 1.007917 0.146213
21 1.026883 0.123547
22 0.995068 0.096675
23 1.025294 0.129121
24 1.047173 0.122965
25 1.013520 0.133669
26 1.081601 0.122149
27 1.197246 0.111507
28 1.283806 0.219381
29 1.121036 0.155430
30 0.944783 0.130635
31 0.938055 0.088183
32 1.059639 0.089832
33 1.096804 0.103416
34 1.311783 0.146600
35 1.173741 0.127615
36 1.044794 0.133464
37 1.249505 0.135132
38 0.902178 0.111654
39 1.185281 0.169845
40 1.070644 0.117728
41 1.107977 0.121038
42 1.246902 0.144954
43 1.103404 0.156672
44 1.165315 0.152128
45 1.302929 0.156400
46 1.357787 0.134165
47 1.031272 0.102388
48 1.174280 0.189576
49 1.251114 0.181500
