0 1.635525 0.143361
1 1.620548 0.235356
2 1.233644 0.131266
3 1.313141 0.132731
4 0.996970 0.138052
5 1.223430 0.076904
6 1.020126 0.025427
7 1.034899 0.182846
8 1.038094 0.095626
9 1.010704 0.010525
10 0.877325 0.057782
11 1.052263 0.058203
12 0.991221 0.027520
13 0.798565 0.091379
14 0.773299 0.097886
15 0.903438 0.113052
16 0.842243 0.076211
17 0.903321 0.112768
18 1.075224 0.140220
19 0.916031 0.126350
20 1.096038 0.081267
21 0.823675 0.117546
22 0.833833 0.101076
23 0.988243 0.171364
24 0.782826 0.103086
25 0.839269 0.087886
26 0.822511 0.099992
27 0.955045 0.159779
28 0.868710 0.124833
29 0.747087 0.095625
30 0.930622 0.162247
31 0.651180 0.139561
32 0.479456 0.052956
33 0.441956 0.035039
34 0.666952 0.139831
35 0.285989 0.018899
36 0.415361 0.066419
37 0.571474 0.081552
38 0.603193 0.119464
39 0.567412 0.083419
40 0.638908 0.121379
41 0.384393 0.067250
42 0.595121 0.122618
43 0.561207 0.109238
44 0.583455 0.114658
45 0.644162 0.118739
46 0.450246 0.092612
47 0.421772 0.065550
48 0.457965 0.076955
49 0.739104 0.159432
