0 1.762158 0.197705
1 1.287882 0.164418
2 0.862508 0.108180
3 0.862508 0.108180
4 0.862508 0.108180
5 0.862508 0.108180
6 0.862508 0.108180
7 0.862508 0.108180
8 0.862508 0.108180
9 0.862508 0.108180
10 0.862508 0.108180
11 0.862508 0.108180
12 0.862508 0.108180
13 0.862508 0.108180
14 0.862508 0.108180
15 0.862508 0.108180
16 0.862508 0.108180
17 0.862508 0.108180
18 0.862508 0.108180
19 0.862508 0.108180
20 0.862508 0.108180
21 0.862508 0.108180
22 0.862508 0.108180
23 0.862508 0.108180
24 0.862508 0.108180
25 0.862508 0.108180
26 0.862508 0.108180
27 0.862508 0.108180
28 0.862508 0.108180
29 0.862508 0.108180
30 0.862508 0.108180
31 0.862508 0.108180
32 0.862508 0.108180
33 0.862508 0.108180
34 0.862508 0.108180
35 0.862508 0.108180
36 0.862508 0.108180
37 0.862508 0.108180
38 0.862508 0.108180
39 0.862508 0.108180
40 0.862508 0.108180
41 0.862508 0.108180
42 0.862508 0.108180
43 0.862508 0.108180
44 0.862508 0.108180
45 0.862508 0.108180
46 0.862508 0.108180
47 0.862508 0.108180
48 0.862508 0.108180
49 0.862508 0.108180
