0 1.056887 0.099575
1 1.010017 0.140198
2 0.615093 0.108530
3 0.568522 0.095068
4 0.568522 0.095068
5 0.568522 0.095068
6 0.568522 0.095068
7 0.568522 0.095068
8 0.338850 0.041463
9 0.338850 0.041463
10 0.263008 0.035957
11 0.263008 0.035957
12 0.263008 0.035957
13 0.263008 0.035957
14 0.263008 0.035957
15 0.231527 0.034764
16 0.231527 0.034764
17 0.231527 0.034764
18 0.231527 0.034764
19 0.231527 0.034764
20 0.231527 0.034764
21 0.231527 0.034764
22 0.231527 0.034764
23 0.231527 0.034764
24 0.231527 0.034764
25 0.231527 0.034764
26 0.231527 0.034764
27 0.231527 0.034764
28 0.231527 0.034764
29 0.231527 0.034764
30 0.231527 0.034764
31 0.231527 0.034764
32 0.231527 0.034764
33 0.231527 0.034764
34 0.231527 0.034764
35 0.231527 0.034764
36 0.231527 0.034764
37 0.231527 0.034764
38 0.231527 0.034764
39 0.231527 0.034764
40 0.231527 0.034764
41 0.231527 0.034764
42 0.231527 0.034764
43 0.231527 0.034764
44 0.231527 0.034764
45 0.231527 0.034764
46 0.231527 0.034764
47 0.231527 0.034764
48 0.231527 0.034764
49 0.231527 0.034764
