0 0.477478 0.126911
1 0.477478 0.126911
2 0.332597 0.026460
3 0.332597 0.026460
4 0.332597 0.026460
5 0.239671 0.023757
6 0.239671 0.023757
7 0.239671 0.023757
8 0.239671 0.023757
9 0.239671 0.023757
10 0.239671 0.023757
11 0.239671 0.023757
12 0.239671 0.023757
13 0.239671 0.023757
14 0.239671 0.023757
15 0.236302 0.022377
16 0.236302 0.022377
17 0.236302 0.022377
18 0.236302 0.022377
19 0.236302 0.022377
20 0.236302 0.022377
21 0.224922 0.026998
22 0.224922 0.026998
23 0.224922 0.026998
24 0.224922 0.026998
25 0.224922 0.026998
26 0.224922 0.026998
27 0.224922 0.026998
28 0.224922 0.026998
29 0.224922 0.026998
30 0.224922 0.026998
31 0.224922 0.026998
32 0.224922 0.026998
33 0.224922 0.026998
34 0.224922 0.026998
35 0.224922 0.026998
36 0.224922 0.026998
37 0.224922 0.026998
38 0.224922 0.026998
39 0.224922 0.026998
40 0.224922 0.026998
41 0.224922 0.026998
42 0.224922 0.026998
43 0.224922 0.026998
44 0.224922 0.026998
