0 1.399980 0.215928
1 1.203242 0.163987
2 1.064579 0.115157
3 0.529310 0.092392
4 0.349637 0.036371
5 0.349637 0.036371
6 0.349637 0.036371
7 0.349637 0.036371
8 0.349637 0.036371
9 0.349637 0.036371
10 0.349637 0.036371
11 0.349637 0.036371
12 0.349637 0.036371
13 0.349637 0.036371
14 0.349637 0.036371
15 0.349637 0.036371
16 0.349637 0.036371
17 0.349637 0.036371
18 0.349637 0.036371
19 0.349637 0.036371
20 0.349637 0.036371
21 0.349637 0.036371
22 0.349637 0.036371
23 0.349637 0.036371
24 0.349637 0.036371
25 0.349637 0.036371
26 0.349637 0.036371
27 0.349637 0.036371
28 0.349637 0.036371
29 0.349637 0.036371
30 0.349637 0.036371
31 0.349637 0.036371
32 0.349637 0.036371
33 0.349637 0.036371
34 0.349637 0.036371
35 0.349637 0.036371
36 0.322534 0.060691
37 0.322534 0.060691
38 0.322534 0.060691
39 0.322534 0.060691
40 0.322534 0.060691
41 0.322534 0.060691
42 0.322534 0.060691
43 0.322534 0.060691
44 0.322534 0.060691
45 0.322534 0.060691
46 0.322534 0.060691
47 0.322534 0.060691
48 0.322534 0.060691
49 0.322534 0.060691
