0 0.477478 0.126911
1 0.613811 0.102330
2 0.332597 0.026460
3 0.393105 0.068898
4 0.354153 0.034175
5 0.239671 0.023757
6 0.299444 0.027602
7 0.293480 0.030225
8 0.345029 0.034153
9 0.249108 0.022692
10 0.292696 0.028289
11 0.252469 0.033158
12 0.257079 0.024471
13 0.265062 0.038534
14 0.321433 0.054130
15 0.236302 0.022377
16 0.298907 0.027915
17 0.238026 0.024066
18 0.263834 0.023917
19 0.289671 0.029322
20 0.247606 0.026730
21 0.224922 0.026998
22 0.252173 0.026784
23 0.230698 0.019136
24 0.255452 0.017688
25 0.268378 0.030764
26 0.254017 0.023211
27 0.274842 0.026357
28 0.384627 0.118851
29 0.242863 0.032132
30 0.283969 0.021915
31 0.231424 0.025432
32 0.256129 0.063573
33 0.230168 0.024641
34 0.235773 0.022332
35 0.339047 0.042230
36 0.275367 0.022726
37 0.236622 0.025886
38 0.232329 0.026953
39 0.275396 0.034113
40 0.254157 0.024725
41 0.342009 0.072568
42 0.289245 0.051485
43 0.248580 0.020562
44 0.281084 0.026675
