0 1.132540 0.140488
4 1.132540 0.140488
8 1.132540 0.140488
12 1.010941 0.150772
16 0.996265 0.209731
20 0.593450 0.102958
24 0.496490 0.109688
28 0.496490 0.109688
32 0.496490 0.109688
36 0.496490 0.109688
40 0.496490 0.109688
44 0.496490 0.109688
48 0.426553 0.071623
52 0.426553 0.071623
56 0.343626 0.048352
60 0.343626 0.048352
64 0.343626 0.048352
68 0.343626 0.048352
72 0.279232 0.036093
76 0.279232 0.036093
80 0.279232 0.036093
84 0.279232 0.036093
88 0.279232 0.036093
92 0.279232 0.036093
96 0.279232 0.036093
100 0.279232 0.036093
104 0.250442 0.044891
108 0.250442 0.044891
112 0.250442 0.044891
116 0.250442 0.044891
120 0.250442 0.044891
124 0.250442 0.044891
128 0.250442 0.044891
132 0.250442 0.044891
136 0.250442 0.044891
140 0.250442 0.044891
144 0.250442 0.044891
148 0.250442 0.044891
152 0.250442 0.044891
156 0.250442 0.044891
160 0.250442 0.044891
164 0.250442 0.044891
168 0.250442 0.044891
172 0.250442 0.044891
176 0.250442 0.044891
180 0.158709 0.005760
184 0.145688 0.004509
188 0.145688 0.004509
192 0.145688 0.004509
196 0.145688 0.004509
