0 1.159236 0.143546
1 1.159236 0.143546
2 1.159236 0.143546
3 1.159236 0.143546
4 1.159236 0.143546
5 0.615940 0.085855
6 0.615940 0.085855
7 0.462291 0.041990
8 0.462291 0.041990
9 0.462291 0.041990
10 0.462291 0.041990
11 0.462291 0.041990
12 0.462291 0.041990
13 0.375731 0.059264
14 0.375731 0.059264
15 0.375731 0.059264
16 0.375731 0.059264
17 0.375731 0.059264
18 0.375731 0.059264
19 0.375731 0.059264
20 0.375731 0.059264
21 0.375731 0.059264
22 0.375731 0.059264
23 0.336542 0.040525
24 0.336542 0.040525
25 0.336542 0.040525
26 0.336542 0.040525
27 0.336542 0.040525
28 0.336542 0.040525
29 0.336542 0.040525
30 0.336542 0.040525
31 0.336542 0.040525
32 0.336542 0.040525
33 0.336542 0.040525
34 0.336542 0.040525
35 0.336542 0.040525
36 0.336542 0.040525
37 0.336542 0.040525
38 0.336542 0.040525
39 0.336542 0.040525
40 0.336542 0.040525
41 0.336542 0.040525
42 0.326117 0.027536
43 0.326117 0.027536
44 0.326117 0.027536
45 0.326117 0.027536
46 0.326117 0.027536
47 0.326117 0.027536
48 0.326117 0.027536
49 0.326117 0.027536
