0 1.565513 0.182292
1 1.565513 0.182292
2 1.275576 0.158399
3 1.209710 0.064858
4 1.143180 0.155917
5 1.046198 0.036600
6 1.046198 0.036600
7 0.890827 0.147855
8 0.890827 0.147855
9 0.890827 0.147855
10 0.890827 0.147855
11 0.890827 0.147855
12 0.890827 0.147855
13 0.890827 0.147855
14 0.890827 0.147855
15 0.890827 0.147855
16 0.538312 0.102682
17 0.452523 0.058888
18 0.452523 0.058888
19 0.452523 0.058888
20 0.452523 0.058888
21 0.452201 0.075945
22 0.452201 0.075945
23 0.452201 0.075945
24 0.452201 0.075945
25 0.452201 0.075945
26 0.397697 0.045818
27 0.397697 0.045818
28 0.397697 0.045818
29 0.397697 0.045818
30 0.397697 0.045818
31 0.397697 0.045818
32 0.397697 0.045818
33 0.397697 0.045818
34 0.397697 0.045818
35 0.397697 0.045818
36 0.397697 0.045818
37 0.378251 0.042204
38 0.378251 0.042204
39 0.378251 0.042204
40 0.378251 0.042204
41 0.378251 0.042204
42 0.378251 0.042204
43 0.378251 0.042204
44 0.378251 0.042204
45 0.378251 0.042204
46 0.378251 0.042204
47 0.378251 0.042204
48 0.378251 0.042204
49 0.378251 0.042204
