0 0.279027 0.076848
1 0.311613 0.046950
2 0.056443 0.029528
3 0.271888 0.066766
4 0.369780 0.082659
5 0.408512 0.047998
6 0.357621 0.085870
7 0.307466 0.065205
8 0.192257 0.065898
9 0.256163 0.063290
10 0.248435 0.123648
11 0.230883 0.048083
12 0.281103 0.072218
13 0.284984 0.052649
14 0.138991 0.052852
15 0.764796 0.257336
16 0.383480 0.035690
17 0.240581 0.062578
18 0.289682 0.072747
19 0.246107 0.059181
20 0.312497 0.064939
21 0.268643 0.085531
22 0.263975 0.052337
23 0.127681 0.046496
24 0.319240 0.046200
25 0.457957 0.092617
26 0.310988 0.074314
27 0.407688 0.063101
28 0.403520 0.054987
29 0.335026 0.085894
30 0.278554 0.068565
31 0.282608 0.064545
32 0.247379 0.079330
33 0.331777 0.070819
34 0.303934 0.063805
35 0.270626 0.054787
36 0.272316 0.068406
37 0.255626 0.038163
38 0.237312 0.071155
39 0.281144 0.056635
40 0.227653 0.064360
41 0.292172 0.070644
42 0.234691 0.071484
43 0.301832 0.067996
44 0.322030 0.074633
45 0.228205 0.063450
46 0.280785 0.054082
