0 1.132540 0.140488
1 1.132540 0.140488
2 1.132540 0.140488
3 1.010941 0.150772
4 0.996265 0.209731
5 0.593450 0.102958
6 0.496490 0.109688
7 0.496490 0.109688
8 0.496490 0.109688
9 0.496490 0.109688
10 0.496490 0.109688
11 0.496490 0.109688
12 0.426553 0.071623
13 0.426553 0.071623
14 0.343626 0.048352
15 0.343626 0.048352
16 0.343626 0.048352
17 0.343626 0.048352
18 0.279232 0.036093
19 0.279232 0.036093
20 0.279232 0.036093
21 0.279232 0.036093
22 0.279232 0.036093
23 0.279232 0.036093
24 0.279232 0.036093
25 0.279232 0.036093
26 0.250442 0.044891
27 0.250442 0.044891
28 0.250442 0.044891
29 0.250442 0.044891
30 0.250442 0.044891
31 0.250442 0.044891
32 0.250442 0.044891
33 0.250442 0.044891
34 0.250442 0.044891
35 0.250442 0.044891
36 0.250442 0.044891
37 0.250442 0.044891
38 0.250442 0.044891
39 0.250442 0.044891
40 0.250442 0.044891
41 0.250442 0.044891
