0 1.132540 0.140488
1 1.509007 0.201551
2 1.446872 0.280884
3 1.010941 0.150772
4 0.996265 0.209731
5 0.593450 0.102958
6 0.496490 0.109688
7 0.623329 0.136087
8 0.611296 0.109535
9 0.503871 0.102160
10 0.544044 0.097353
11 0.623292 0.114090
12 0.426553 0.071623
13 0.439182 0.070535
14 0.343626 0.048352
15 0.556656 0.146604
16 0.399000 0.066998
17 0.353791 0.068791
18 0.279232 0.036093
19 0.394018 0.081332
20 0.368533 0.047506
21 0.476011 0.059370
22 0.418843 0.056117
23 0.375579 0.086022
24 0.471230 0.066804
25 0.431735 0.076085
26 0.250442 0.044891
27 0.414975 0.072816
28 0.269725 0.039487
29 0.469304 0.065627
30 0.418820 0.053730
31 0.325824 0.060817
32 0.393946 0.066696
33 0.316047 0.050014
34 0.430340 0.090323
35 0.263759 0.037256
36 0.400100 0.120262
37 0.288130 0.048579
38 0.318399 0.044730
39 1.159454 0.166970
40 0.527319 0.096441
41 0.282157 0.035944
