0 1.159236 0.143546
1 1.208669 0.177335
2 1.260316 0.187540
3 1.328700 0.149767
4 1.251948 0.134949
5 0.615940 0.085855
6 1.043658 0.214309
7 0.462291 0.041990
8 0.553906 0.066866
9 0.574063 0.128638
10 0.576999 0.108770
11 0.574353 0.075545
12 0.471374 0.061907
13 0.375731 0.059264
14 0.603529 0.071177
15 0.453253 0.055319
16 0.494850 0.065049
17 0.515705 0.086200
18 0.484049 0.050416
19 0.460913 0.067540
20 0.442875 0.055897
21 0.379555 0.048000
22 0.539548 0.070802
23 0.336542 0.040525
24 0.444814 0.081863
25 0.406570 0.049895
26 0.454047 0.058977
27 0.435487 0.057342
28 0.536718 0.072840
29 0.363517 0.029536
30 0.485777 0.106584
31 0.399922 0.046642
32 0.503296 0.092410
33 0.483484 0.091640
34 0.422851 0.044169
35 0.480185 0.090830
36 0.343140 0.044029
37 0.528230 0.093799
38 0.369197 0.061832
39 0.453485 0.067876
40 0.592056 0.120834
41 0.422457 0.054277
42 0.326117 0.027536
43 0.407525 0.067895
44 0.423552 0.059646
45 0.433918 0.055250
46 0.401747 0.068680
47 0.531430 0.099708
48 0.417697 0.066162
49 0.426348 0.059751
