0 1.565513 0.182292
1 1.757641 0.217179
2 1.275576 0.158399
3 1.209710 0.064858
4 1.143180 0.155917
5 1.046198 0.036600
6 1.057507 0.022738
7 0.890827 0.147855
8 1.023970 0.014362
9 1.064593 0.036476
10 1.001670 0.108816
11 1.105184 0.151378
12 1.087429 0.132252
13 1.264897 0.094846
14 0.925792 0.143788
15 0.905386 0.136030
16 0.538312 0.102682
17 0.452523 0.058888
18 0.604662 0.090417
19 0.863114 0.184388
20 0.557159 0.097174
21 0.452201 0.075945
22 0.533233 0.078491
23 0.489403 0.074133
24 0.813699 0.094032
25 0.543594 0.084437
26 0.397697 0.045818
27 0.465019 0.070686
28 0.595549 0.100758
29 0.468697 0.086806
30 0.435670 0.069981
31 0.620866 0.120923
32 0.527970 0.069909
33 0.568131 0.115525
34 0.610431 0.103065
35 0.521679 0.112896
36 0.685252 0.129917
37 0.378251 0.042204
38 0.548839 0.078710
39 0.508465 0.082567
40 0.633514 0.095448
41 0.440039 0.072457
42 0.570116 0.092984
43 0.467595 0.054434
44 0.408418 0.053374
45 0.646550 0.084112
46 0.562559 0.080764
47 0.510074 0.062267
48 0.551573 0.083246
49 0.438774 0.058621
