0 1.590684 0.172751
1 0.981601 0.126522
2 0.905734 0.116127
3 0.550677 0.108674
4 0.675492 0.111731
5 0.455043 0.083181
6 0.551840 0.065236
7 0.494796 0.073599
8 0.315846 0.038019
9 0.347269 0.042693
10 0.340310 0.042856
11 0.221265 0.027239
12 0.385378 0.076480
13 0.584763 0.130480
14 0.484257 0.064908
15 0.507060 0.056389
16 0.415705 0.056142
17 0.445455 0.068625
18 0.601484 0.147384
19 0.412282 0.067529
20 0.309698 0.041190
21 0.314301 0.055753
22 0.411981 0.057605
23 0.300709 0.054341
24 0.242320 0.035630
25 0.185221 0.015159
26 0.248064 0.044253
27 0.299167 0.055276
28 0.418695 0.064576
29 0.823484 0.150818
30 0.473912 0.082644
31 0.245230 0.040698
32 0.230596 0.028143
33 0.263617 0.041212
34 0.327907 0.051535
35 0.457939 0.088741
36 0.250364 0.036628
37 0.447306 0.079456
38 0.598176 0.097328
39 0.418856 0.084434
40 0.384696 0.085327
41 0.283079 0.076161
42 0.498001 0.163107
43 0.559014 0.167511
44 0.409131 0.062930
45 0.318452 0.054005
46 0.661149 0.146290
47 0.423608 0.086529
48 0.440190 0.094229
49 0.341946 0.065279
