0 1.590684 0.172751
1 0.981601 0.126522
2 0.905734 0.116127
3 0.550677 0.108674
4 0.550677 0.108674
5 0.455043 0.083181
6 0.455043 0.083181
7 0.455043 0.083181
8 0.315846 0.038019
9 0.315846 0.038019
10 0.315846 0.038019
11 0.221265 0.027239
12 0.221265 0.027239
13 0.221265 0.027239
14 0.221265 0.027239
15 0.221265 0.027239
16 0.221265 0.027239
17 0.221265 0.027239
18 0.221265 0.027239
19 0.221265 0.027239
20 0.221265 0.027239
21 0.221265 0.027239
22 0.221265 0.027239
23 0.221265 0.027239
24 0.221265 0.027239
25 0.185221 0.015159
26 0.185221 0.015159
27 0.185221 0.015159
28 0.185221 0.015159
29 0.185221 0.015159
30 0.185221 0.015159
31 0.185221 0.015159
32 0.185221 0.015159
33 0.185221 0.015159
34 0.185221 0.015159
35 0.185221 0.015159
36 0.185221 0.015159
37 0.185221 0.015159
38 0.185221 0.015159
39 0.185221 0.015159
40 0.185221 0.015159
41 0.185221 0.015159
42 0.185221 0.015159
43 0.185221 0.015159
44 0.185221 0.015159
45 0.185221 0.015159
46 0.185221 0.015159
47 0.185221 0.015159
48 0.185221 0.015159
49 0.185221 0.015159
