0 0.934347 0.090595
1 0.934347 0.090595
2 0.934347 0.090595
3 0.934347 0.090595
4 0.934347 0.090595
5 0.728178 0.107939
6 0.728178 0.107939
7 0.728178 0.107939
8 0.728178 0.107939
9 0.512664 0.127150
10 0.512664 0.127150
11 0.512664 0.127150
12 0.512664 0.127150
13 0.512664 0.127150
14 0.512664 0.127150
15 0.494157 0.084476
16 0.494157 0.084476
17 0.494157 0.084476
18 0.494157 0.084476
19 0.494157 0.084476
20 0.494157 0.084476
21 0.494157 0.084476
22 0.494157 0.084476
23 0.377078 0.038498
24 0.377078 0.038498
25 0.377078 0.038498
26 0.377078 0.038498
27 0.377078 0.038498
28 0.377078 0.038498
29 0.377078 0.038498
30 0.377078 0.038498
31 0.377078 0.038498
32 0.377078 0.038498
33 0.377078 0.038498
34 0.377078 0.038498
35 0.377078 0.038498
36 0.377078 0.038498
37 0.377078 0.038498
38 0.377078 0.038498
39 0.377078 0.038498
40 0.377078 0.038498
41 0.377078 0.038498
42 0.377078 0.038498
43 0.377078 0.038498
44 0.377078 0.038498
45 0.377078 0.038498
46 0.377078 0.038498
47 0.377078 0.038498
48 0.377078 0.038498
49 0.377078 0.038498
