0 1.235259 0.143070
1 1.019552 0.206442
2 0.795970 0.122914
3 0.711163 0.116326
4 0.479411 0.067310
5 0.478482 0.071488
6 0.519974 0.085169
7 0.396936 0.030043
8 0.808128 0.105107
9 0.531538 0.069371
10 0.664031 0.104373
11 0.556512 0.096351
12 0.743553 0.128268
13 0.707225 0.095680
14 0.492783 0.074747
15 0.694779 0.098507
16 0.615209 0.124115
17 0.473144 0.070767
18 0.683685 0.106587
19 0.614499 0.104834
20 0.583960 0.088355
21 0.769308 0.133101
22 0.801342 0.127624
23 0.582432 0.123090
24 0.902930 0.167685
25 0.812264 0.115272
26 0.858480 0.134037
27 0.552607 0.101670
28 0.566625 0.124428
29 0.705182 0.146057
30 0.609044 0.073957
31 0.517529 0.080362
32 0.559871 0.111785
33 0.496872 0.056428
34 0.432929 0.053512
35 0.896252 0.105719
36 0.779993 0.130358
37 0.547678 0.069797
38 0.486744 0.076954
39 0.594326 0.088911
40 0.401283 0.051065
41 0.396910 0.065714
42 0.832300 0.133754
43 0.548697 0.057646
44 0.707617 0.100583
45 0.506997 0.097361
46 0.500497 0.057292
47 0.594172 0.083208
48 0.941682 0.123700
49 0.544242 0.059508
50 0.480117 0.090639
51 0.571573 0.101894
52 0.629609 0.122047
53 0.821390 0.168156
54 0.601612 0.102186
55 0.700451 0.130755
56 0.781127 0.147123
57 0.530069 0.059969
58 0.489614 0.098855
59 0.503452 0.111784
60 0.512381 0.074157
61 0.552383 0.130821
62 0.440260 0.057885
63 0.482445 0.059279
64 0.659647 0.113522
65 0.788348 0.156269
66 0.641232 0.152256
67 0.626395 0.113549
68 0.650810 0.095008
69 0.633893 0.102277
70 0.678933 0.074686
71 0.557631 0.077260
72 0.401700 0.068163
73 0.470912 0.065172
74 0.437487 0.054515
75 0.478851 0.100594
76 0.458939 0.064769
77 0.691374 0.149666
78 0.438339 0.085105
79 0.604893 0.083413
80 0.361037 0.052433
81 0.410101 0.071366
82 0.479928 0.068874
83 0.640031 0.097590
84 0.642389 0.121755
85 0.703253 0.107523
86 0.787996 0.149491
87 0.667295 0.123294
88 0.453354 0.080493
89 0.308903 0.059980
90 0.233767 0.013877
91 0.664900 0.141511
92 0.477713 0.064749
93 0.399780 0.053695
94 0.359137 0.048944
95 0.354339 0.074088
96 0.477964 0.076606
97 0.479764 0.105057
98 0.448631 0.069896
99 0.532821 0.084551
100 0.534857 0.096930
101 0.336592 0.034378
102 0.460698 0.053861
103 0.279630 0.045705
104 0.430816 0.095260
105 0.363684 0.048182
106 0.660294 0.106151
107 0.532266 0.096463
108 0.669481 0.132971
109 0.361595 0.072458
110 0.347981 0.061621
111 0.747360 0.117869
112 0.333787 0.047342
113 0.391808 0.041373
114 0.378385 0.050123
115 0.676563 0.092839
116 0.372658 0.041608
117 0.338452 0.046826
118 0.494514 0.093427
119 0.564531 0.073723
120 0.339711 0.039327
121 0.555480 0.073173
122 0.367507 0.081880
123 0.562440 0.113685
124 0.564242 0.121249
125 0.514518 0.100895
126 0.406648 0.057273
127 0.531591 0.116262
128 0.364385 0.058029
129 0.516727 0.092518
130 0.626162 0.121007
131 0.537550 0.106495
132 0.500346 0.090644
133 0.705868 0.137780
134 0.548638 0.099268
135 0.637450 0.071193
136 0.607989 0.081082
137 0.469133 0.078553
138 0.325660 0.055402
139 0.518198 0.096049
140 0.596559 0.064337
141 0.605453 0.145771
142 0.494770 0.086565
143 0.533420 0.079915
144 0.393566 0.086192
145 0.702466 0.141233
146 0.212591 0.018695
147 0.519455 0.088242
148 0.542668 0.101677
149 0.447293 0.086461
150 0.479410 0.081509
151 0.839783 0.113356
152 0.506843 0.078072
153 0.472782 0.096419
154 0.597320 0.114852
155 0.485239 0.089145
156 0.709054 0.152689
157 0.520804 0.064559
158 0.449471 0.073903
159 0.739040 0.143361
160 0.656379 0.149035
161 0.472043 0.063811
162 0.821813 0.126254
163 0.359710 0.069608
164 0.328937 0.042033
165 0.583989 0.097012
166 0.582090 0.087859
167 0.375780 0.040439
168 0.555061 0.092270
