0 1.653744 0.151008
1 0.634357 0.134088
2 0.286779 0.025103
3 0.286779 0.025103
4 0.272017 0.006071
5 0.259757 0.006391
6 0.259757 0.006391
7 0.259757 0.006391
8 0.259757 0.006391
9 0.259757 0.006391
10 0.259757 0.006391
11 0.259757 0.006391
12 0.259757 0.006391
13 0.259757 0.006391
14 0.259757 0.006391
15 0.259757 0.006391
16 0.259757 0.006391
17 0.259757 0.006391
18 0.259757 0.006391
19 0.259757 0.006391
20 0.259757 0.006391
21 0.259757 0.006391
22 0.259757 0.006391
23 0.259757 0.006391
24 0.259757 0.006391
25 0.259757 0.006391
26 0.259757 0.006391
27 0.259757 0.006391
28 0.259757 0.006391
29 0.259757 0.006391
30 0.259757 0.006391
31 0.259757 0.006391
32 0.259757 0.006391
33 0.259757 0.006391
34 0.259757 0.006391
35 0.259757 0.006391
36 0.259757 0.006391
37 0.259757 0.006391
38 0.259757 0.006391
39 0.259757 0.006391
40 0.259757 0.006391
41 0.259757 0.006391
42 0.259757 0.006391
43 0.259757 0.006391
44 0.259757 0.006391
45 0.259757 0.006391
46 0.259757 0.006391
47 0.259757 0.006391
48 0.259757 0.006391
49 0.259757 0.006391
