0 2.071974 0.226216
1 1.518380 0.192907
2 1.494472 0.198968
3 1.494472 0.198968
4 1.447158 0.169474
5 0.996654 0.157203
6 0.862567 0.108535
7 0.820528 0.106952
8 0.587154 0.098652
9 0.449119 0.065357
10 0.449119 0.065357
11 0.379632 0.050723
12 0.379632 0.050723
13 0.379632 0.050723
14 0.379632 0.050723
15 0.379632 0.050723
16 0.379632 0.050723
17 0.379632 0.050723
18 0.379632 0.050723
19 0.379632 0.050723
20 0.379632 0.050723
21 0.379632 0.050723
22 0.379632 0.050723
23 0.379632 0.050723
24 0.379632 0.050723
25 0.379632 0.050723
26 0.379632 0.050723
27 0.379632 0.050723
28 0.372216 0.038609
29 0.372216 0.038609
30 0.372216 0.038609
31 0.372216 0.038609
32 0.372216 0.038609
33 0.372216 0.038609
34 0.372216 0.038609
35 0.372216 0.038609
36 0.372216 0.038609
37 0.372216 0.038609
38 0.372216 0.038609
39 0.372216 0.038609
40 0.372216 0.038609
41 0.372216 0.038609
42 0.372216 0.038609
43 0.372216 0.038609
44 0.372216 0.038609
45 0.372216 0.038609
46 0.372216 0.038609
47 0.343264 0.058332
48 0.343264 0.058332
49 0.343264 0.058332
