0 1.399980 0.215928
1 1.203242 0.163987
2 1.064579 0.115157
3 0.529310 0.092392
4 0.349637 0.036371
5 0.530352 0.075934
6 0.555485 0.113352
7 0.400796 0.063856
8 0.478823 0.095081
9 0.511761 0.095080
10 0.401290 0.072300
11 0.392745 0.062694
12 0.439133 0.070667
13 0.386066 0.050914
14 0.542564 0.100890
15 0.456242 0.080013
16 0.414145 0.105976
17 0.711487 0.116700
18 0.567844 0.107969
19 0.423186 0.072373
20 0.391427 0.070416
21 0.463699 0.086364
22 0.510766 0.081883
23 0.359541 0.039931
24 0.440404 0.065480
25 0.578710 0.080140
26 0.399352 0.066750
27 0.511113 0.104465
28 0.586925 0.118287
29 0.367014 0.048472
30 0.499324 0.089715
31 0.386055 0.067670
32 0.413970 0.062412
33 0.576121 0.110232
34 0.404884 0.078400
35 0.445000 0.085469
36 0.322534 0.060691
37 0.590728 0.105021
38 0.428694 0.073416
39 0.432354 0.051589
40 0.579465 0.137356
41 0.567682 0.098100
42 0.435734 0.072443
43 0.461877 0.084636
44 0.418474 0.054532
45 0.364745 0.065822
46 0.589447 0.103029
47 0.463709 0.052425
48 0.648089 0.114200
49 0.718477 0.140921
