0 2.071974 0.226216
1 1.518380 0.192907
2 1.494472 0.198968
3 1.547229 0.212708
4 1.447158 0.169474
5 0.996654 0.157203
6 0.862567 0.108535
7 0.820528 0.106952
8 0.587154 0.098652
9 0.449119 0.065357
10 0.478625 0.093485
11 0.379632 0.050723
12 0.428693 0.055041
13 0.577499 0.103249
14 0.740678 0.123044
15 0.527885 0.085986
16 0.513373 0.118545
17 0.387572 0.072238
18 0.672509 0.159814
19 0.532752 0.110150
20 0.425117 0.088586
21 0.598590 0.106549
22 0.461885 0.076631
23 0.534609 0.115682
24 0.405432 0.043324
25 0.636836 0.126592
26 0.497125 0.080409
27 0.446306 0.065965
28 0.372216 0.038609
29 0.598540 0.119098
30 0.597255 0.096464
31 0.596882 0.145899
32 0.939576 0.195394
33 0.609229 0.136109
34 0.383342 0.071491
35 0.437361 0.068191
36 0.469051 0.089191
37 0.412684 0.094757
38 0.526179 0.096264
39 0.470300 0.095639
40 0.458365 0.079025
41 0.515359 0.092528
42 0.535472 0.081950
43 0.638675 0.105187
44 0.480350 0.086247
45 0.476421 0.058316
46 0.527474 0.138723
47 0.343264 0.058332
48 0.511172 0.100531
49 0.626479 0.144011
