0 1.653744 0.151008
1 0.634357 0.134088
2 0.286779 0.025103
3 0.355274 0.039617
4 0.272017 0.006071
5 0.259757 0.006391
6 0.628098 0.089281
7 0.776400 0.085063
8 0.667368 0.088143
9 1.014172 0.158205
10 0.745796 0.106118
11 0.960280 0.146326
12 0.863368 0.121529
13 0.661721 0.084634
14 0.800411 0.124660
15 1.057389 0.170914
16 0.948328 0.203197
17 0.851945 0.115686
18 0.959280 0.160557
19 0.668931 0.140869
20 0.794522 0.135013
21 0.644161 0.089846
22 0.661928 0.097069
23 0.831711 0.115871
24 0.662505 0.093135
25 0.804368 0.131607
26 0.728925 0.138289
27 0.523850 0.078830
28 0.702287 0.107014
29 0.634670 0.093520
30 0.768754 0.091827
31 0.819619 0.118604
32 0.737099 0.124110
33 0.885884 0.150480
34 0.600880 0.080124
35 0.764891 0.101825
36 0.896049 0.118799
37 0.889531 0.120074
38 0.507133 0.080071
39 0.575122 0.085187
40 0.673862 0.089193
41 0.579671 0.097285
42 0.751148 0.091595
43 0.750724 0.088064
44 0.865834 0.110184
45 0.642129 0.126588
46 0.711463 0.113345
47 0.661687 0.112528
48 0.788004 0.092124
49 0.788333 0.104319
50 0.847890 0.106675
51 0.885319 0.145193
52 0.770675 0.120237
53 0.872660 0.122591
54 0.706851 0.094566
55 0.725863 0.152903
56 0.738442 0.087027
57 0.701384 0.085928
58 0.877305 0.112547
59 0.719426 0.108175
60 0.680553 0.090485
61 0.580448 0.089892
62 0.691344 0.141556
63 0.577990 0.063985
64 0.675344 0.113970
65 0.532764 0.055617
66 0.666566 0.099362
67 0.832421 0.092558
